Solution #1
 1  2  3 
 2  3  1 
 3  1  2 
----------
Solution #2
 1  2  3 
 3  1  2 
 2  3  1 
----------
Solution #3
 1  3  2 
 2  1  3 
 3  2  1 
----------
Solution #4
 1  3  2 
 3  2  1 
 2  1  3 
----------
Solution #5
 2  1  3 
 1  3  2 
 3  2  1 
----------
Solution #6
 2  1  3 
 3  2  1 
 1  3  2 
----------
Solution #7
 2  3  1 
 1  2  3 
 3  1  2 
----------
Solution #8
 2  3  1 
 3  1  2 
 1  2  3 
----------
Solution #9
 3  1  2 
 1  2  3 
 2  3  1 
----------
Solution #10
 3  1  2 
 2  3  1 
 1  2  3 
----------
Solution #11
 3  2  1 
 1  3  2 
 2  1  3 
----------
Solution #12
 3  2  1 
 2  1  3 
 1  3  2 
----------
